# Explicit input orderings from the supplied fam1_112 example.
# Sector-mask followed by all 15 coordinate priorities (zero-based).
# These are input data, never recognized or dispatched on by the core engine.
111011010101101 0 1 2 6 3 5 14 7 9 11 8 12 10 13 4
111011101010101 0 1 2 11 7 3 4 14 6 9 8 5 13 10 12
111100101010011 0 1 2 7 3 10 12 9 5 14 6 8 13 4 11
111100101010111 0 1 2 11 8 13 4 14 6 7 12 9 5 10 3
111101100011110 0 1 2 13 12 8 6 5 11 3 7 4 10 9 14
111110100011011 0 1 2 13 11 9 10 8 4 3 12 14 6 7 5
111010001100111 0 1 2 5 3 8 9 14 6 12 11 10 4 7 13
111010100001111 0 1 2 6 11 4 7 3 14 8 9 5 12 13 10
111100001010111 0 1 2 9 4 10 3 8 13 14 5 11 7 12 6
111000011100111 0 1 2 14 11 10 13 6 7 12 4 3 8 9 5
111000100010111 0 1 2 9 10 5 13 6 14 8 7 12 11 4 3
111000010100111 0 1 2 10 6 7 3 11 9 13 5 4 14 8 12
111010100011111 0 1 2 11 14 9 3 5 6 7 13 8 4 10 12
111010101011111 0 1 2 6 8 10 11 9 13 14 3 5 12 4 7
111000100010011 0 1 2 9 3 14 13 10 11 5 7 4 6 12 8
111100101011111 0 1 2 11 12 10 7 3 13 5 8 4 14 6 9
