1790521271 5393305950 19474312057 106847
1790521277 5393341437 19474366166 111568
1790521282 5393377854 19474420144 116094
1790521287 5393413895 19474474447 119946
1790521293 5393448030 19474528403 124606
1790521298 5393482014 19474582152 129014
1790521304 5393515944 19474636560 133525
1790521309 5393549579 19474690342 137758
1790521315 5393583217 19474744229 142180
1790521320 5393618646 19474798521 147087
1790521325 5393654277 19474852641 151567
1790521331 5393689783 19474907264 156029
1790521336 5393723864 19474961523 161041
1790521342 5393750181 19475015237 165492
1790521347 5393775804 19475069178 170558
1790521353 5393801029 19475122709 174769
1790521358 5393832131 19475176639 180556
1790521363 5393866036 19475230420 186494
1790521369 5393898143 19475284125 190314
1790521374 5393930633 19475337960 194188
1790521380 5393965256 19475393527 199090
1790521385 5393999210 19475449762 202886
1790521391 5394032007 19475503563 207093
1790521396 5394065923 19475557646 211962
1790521402 5394098176 19475611427 216032
1790521407 5394130904 19475665271 220294
1790521412 5394164475 19475719248 224153
1790521418 5394199339 19475773600 228670
1790521423 5394231987 19475827622 232578
1790521429 5394265565 19475882140 236174
1790521434 5394300744 19475936201 241511
1790521440 5394335097 19475990475 247056
1790521445 5394368667 19476044616 250526
1790521450 5394401400 19476098651 253060
1790521456 5394434751 19476152617 257194
1790521461 5394468494 19476207337 261201
1790521467 5394503027 19476261981 265277
1790521473 5394538834 19476318304 268552
1790521478 5394572270 19476372400 272285
1790521483 5394605410 19476426607 275782
1790521489 5394638765 19476480633 279533
1790521494 5394672012 19476534774 282956
1790521500 5394704907 19476588748 285553
1790521505 5394737661 19476642752 288710
1790521510 5394770543 19476696823 291925
1790521516 5394803063 19476750886 295432
1790521521 5394835950 19476805291 298886
1790521527 5394869280 19476859160 303019
1790521532 5394902223 19476913123 307030
1790521538 5394934698 19476967399 309558
1790521543 5394967649 19477021523 312227
1790521549 5395001290 19477075769 316218
1790521554 5395034597 19477129720 320215
1790521559 5395068492 19477183986 324699
1790521565 5395102158 19477237910 329243
1790521570 5395135867 19477292314 332872
1790521576 5395170002 19477346053 337523
1790521581 5395203815 19477400201 341608
1790521587 5395238674 19477454638 347259
1790521592 5395271158 19477508796 352274
1790521597 5395304764 19477563212 355786
1790521603 5395337649 19477617143 358577
1790521608 5395371284 19477671168 363178
1790521614 5395405009 19477725281 367801
1790521619 5395432886 19477779459 371164
1790521625 5395458468 19477833249 375451
1790521630 5395483823 19477886918 379942
1790521635 5395509976 19477940791 385219
1790521641 5395536246 19477994570 390869
1790521646 5395562473 19478048510 396071
1790521652 5395588326 19478102745 401128
1790521657 5395614230 19478156466 405843
1790521662 5395640597 19478210147 411029
1790521668 5395666872 19478263867 415855
1790521673 5395692403 19478317552 420303
1790521678 5395717421 19478371254 424406
1790521684 5395745332 19478424816 428797
1790521689 5395773149 19478478823 433402
1790521695 5395804795 19478532905 436741
1790521700 5395837334 19478586801 441390
1790521706 5395870390 19478640526 446211
1790521711 5395902061 19478694438 450282
1790521716 5395936391 19478748423 455670
1790521722 5395970208 19478802074 461242
1790521727 5396004326 19478856235 466361
1790521733 5396038473 19478910142 471189
1790521738 5396069928 19478963995 474314
1790521743 5396102790 19479018112 478260
1790521749 5396135452 19479072164 482331
1790521754 5396165420 19479126269 486538
1790521760 5396192497 19479180329 490227
1790521765 5396223930 19479234512 494383
1790521771 5396255779 19479288347 498311
1790521776 5396289345 19479342163 503144
1790521781 5396321182 19479396204 506875
1790521787 5396353944 19479450082 510956
1790521792 5396386078 19479503945 514495
1790521798 5396418727 19479558178 519210
1790521803 5396452278 19479612105 523467
1790521808 5396484606 19479665940 527216
1790521814 5396516929 19479720139 530455
1790521819 5396549915 19479773934 534760
1790521825 5396584505 19479828047 540433
1790521830 5396618253 19479881926 545553
1790521836 5396651995 19479936200 551336
1790521841 5396685623 19479990301 555534
1790521846 5396718898 19480044689 559906
1790521852 5396749467 19480098747 562236
1790521857 5396780698 19480152821 563917
1790521863 5396812695 19480206831 565905
1790521868 5396844935 19480260998 569815
1790521874 5396877639 19480314928 573593
1790521879 5396911560 19480369393 579481
1790521884 5396939954 19480423454 586677
1790521890 5396974238 19480477488 591439
1790521895 5397007803 19480531984 596497
1790521901 5397040814 19480585941 601122
1790521906 5397075231 19480640034 606339
1790521912 5397110192 19480694169 611593
1790521917 5397143583 19480748120 616058
1790521922 5397177759 19480802338 621605
1790521928 5397210867 19480856396 627540
1790521933 5397243720 19480910572 632349
1790521939 5397276038 19480964619 636824
1790521944 5397307741 19481018698 640415
1790521950 5397339484 19481072808 644894
1790521955 5397371924 19481127068 649263
1790521961 5397404531 19481181422 652773
1790521966 5397437337 19481235395 657518
1790521971 5397470976 19481289767 662575
1790521977 5397504169 19481343703 667061
1790521982 5397536138 19481397645 671712
1790521988 5397568573 19481451918 675387
1790521993 5397601403 19481506701 679725
1790521999 5397631724 19481560943 683457
1790522004 5397664045 19481614873 687473
1790522009 5397696703 19481668936 692174
1790522015 5397729447 19481722864 696464
1790522020 5397763837 19481777078 701153
1790522026 5397797142 19481831308 704496
1790522031 5397830061 19481885789 708113
1790522037 5397857173 19481940356 711976
1790522042 5397889035 19481994531 714740
1790522048 5397921396 19482048757 717599
1790522053 5397954436 19482102825 722839
1790522058 5397988266 19482157092 727805
1790522064 5398022029 19482211154 731998
1790522069 5398054118 19482265122 735707
1790522075 5398087746 19482319377 740860
1790522080 5398120078 19482373489 745478
1790522086 5398152414 19482427271 749692
1790522091 5398184427 19482481026 755119
1790522096 5398216881 19482535138 760509
1790522102 5398251229 19482589022 765580
1790522107 5398284536 19482643166 770244
1790522113 5398317382 19482697114 775321
1790522118 5398349396 19482751097 778832
1790522124 5398381190 19482805353 782759
1790522129 5398412937 19482859173 786915
1790522134 5398445309 19482913076 791926
1790522140 5398477032 19482966910 796143
1790522145 5398510663 19483021076 801297
1790522151 5398543116 19483074713 807024
1790522156 5398575070 19483128922 811191
1790522161 5398607438 19483182738 815667
1790522167 5398639959 19483236451 820327
1790522172 5398673562 19483290558 826200
1790522178 5398705326 19483344316 831866
1790522183 5398738124 19483398021 837749
1790522188 5398769579 19483451764 841588
1790522194 5398801585 19483505481 845847
1790522199 5398834280 19483559340 851097
1790522205 5398867529 19483613088 855594
1790522210 5398899272 19483666677 859557
1790522215 5398929572 19483720449 862543
1790522221 5398959172 19483774089 867879
1790522226 5398991883 19483827561 873171
1790522232 5399024498 19483881353 878909
1790522237 5399057934 19483934870 886143
1790522242 5399087549 19483988368 892182
1790522248 5399120209 19484042221 896325
1790522253 5399152186 19484096034 899953
1790522258 5399180571 19484149728 901525
1790522264 5399209155 19484204472 902064
1790522269 5399240416 19484258491 902598
1790522275 5399267721 19484312621 903148
1790522280 5399304096 19484367768 1517
1790522286 5399340184 19484422137 3071
1790522291 5399374878 19484476281 4336
1790522297 5399405429 19484530489 4865
1790522302 5399434334 19484584295 5399
1790522307 5399471964 19484638633 6367
1790522313 5399515133 19484692726 6896
1790522318 5399548594 19484746730 7779
1790522324 5399582798 19484801312 8592
1790522329 5399615300 19484856055 9389
1790522335 5399641815 19484910220 9926
1790522340 5399675162 19484964756 10460
1790522345 5399707969 19485018803 10996
1790522351 5399735869 19485073166 11530
1790522356 5399768075 19485127359 12065
1790522362 5399798924 19485181617 12599
1790522367 5399833823 19485235691 15311
1790522373 5399866556 19485289663 15857
1790522378 5399898036 19485343746 16388
1790522383 5399923749 19485397651 16919
1790522389 5399952999 19485451416 17452
1790522394 5399984893 19485505411 17986
1790522400 5400015622 19485559534 18518
1790522405 5400045754 19485613493 19050
1790522410 5400074380 19485667395 19584
1790522416 5400092401 19485721528 20113
1790522421 5400113265 19485775174 20648
1790522427 5400143325 19485829311 21180
1790522432 5400169599 19485883224 21708
1790522437 5400196873 19485936807 22238
1790522443 5400225307 19485990656 22799
1790522448 5400250096 19486044254 23301
1790522453 5400275650 19486098178 23832
1790522459 5400303730 19486152111 24363
1790522464 5400332104 19486205981 24896
1790522470 5400360583 19486259998 25429
1790522475 5400385131 19486314069 25960
1790522480 5400412493 19486367829 26489
1790522486 5400438306 19486421556 27021
1790522491 5400463551 19486475497 27552
1790522497 5400490859 19486529491 28092
1790522502 5400524450 19486584249 28622
1790522508 5400554991 19486638123 29152
1790522513 5400584974 19486692130 29682
1790522518 5400613007 19486746120 30213
1790522524 5400631720 19486799907 30744
1790522529 5400655721 19486853802 31279
1790522535 5400680742 19486908025 31808
1790522540 5400704333 19486961701 32340
1790522545 5400728361 19487015695 32874
1790522551 5400755331 19487069901 33405
1790522556 5400777087 19487123752 33938
1790522562 5400800370 19487177866 34472
1790522567 5400827393 19487232027 35005
1790522572 5400849249 19487286044 35537
1790522578 5400873148 19487340045 39451
1790522583 5400917077 19487394069 64912
1790522589 5400961366 19487448162 90324
1790522594 5401006201 19487502406 115731
1790522599 5401047582 19487556471 141208
1790522605 5401086921 19487610340 166531
1790522610 5401128125 19487664061 191986
1790522616 5401170384 19487718144 217475
1790522621 5401213341 19487772106 242950
1790522626 5401256774 19487826187 268365
1790522632 5401300452 19487880006 293927
1790522637 5401344583 19487934115 319837
1790522643 5401388375 19487988938 345279
1790522648 5401428041 19488042736 370733
1790522653 5401470508 19488096448 396313
1790522659 5401514968 19488150645 422018
1790522664 5401559594 19488205020 447643
1790522670 5401603715 19488259190 473162
1790522675 5401644061 19488313220 498611
1790522681 5401687387 19488367152 524331
1790522686 5401731691 19488421450 549944
1790522691 5401773423 19488475731 575406
1790522697 5401817203 19488529701 601146
1790522702 5401869439 19488584158 639029
1790522708 5401922169 19488638403 678480
1790522713 5401975025 19488692317 718024
1790522718 5402028002 19488746400 756764
1790522724 5402080439 19488800212 795805
1790522729 5402133696 19488854196 835205
1790522735 5402186538 19488908163 873581
1790522740 5402239429 19488962069 912453
1790522745 5402292344 19489016047 951210
1790522751 5402344923 19489069796 991047
1790522756 5402397637 19489123865 1030160
1790522762 5402450287 19489177649 1070621
1790522767 5402502161 19489231340 1111322
1790522772 5402554863 19489285298 1151816
1790522778 5402608171 19489339467 1190503
1790522783 5402661503 19489394473 1229646
1790522789 5402714971 19489449139 1268131
1790522794 5402768493 19489503755 1305468
1790522800 5402822037 19489558523 1342654
1790522805 5402875504 19489613173 1380367
1790522811 5402928498 19489667567 1419083
1790522816 5402981799 19489721868 1458295
1790522821 5403011489 19489776051 1470430
1790522827 5403027810 19489830014 134
1790522832 5403045406 19489883594 134
1790522838 5403062430 19489937047 134
1790522843 5403081465 19489990469 134
1790522848 5403099593 19490044289 134
1790522854 5403116863 19490097937 134
1790522859 5403133545 19490151352 134
1790522864 5403150851 19490204897 134
1790522870 5403168152 19490258501 134
1790522875 5403185052 19490311865 134
1790522880 5403208194 19490365372 134
1790522886 5403226499 19490419150 134
1790522891 5403244916 19490472654 135
1790522896 5403278442 19490526414 135
1790522902 5403312259 19490580673 135
1790522907 5403346434 19490635233 135
1790522913 5403374625 19490689348 135
1790522918 5403407149 19490743405 0
1790522924 5403436505 19490797203 0
1790522929 5403466551 19490851189 0
1790522934 5403490152 19490905037 0
1790522940 5403516478 19490958898 0
1790522945 5403551646 19491012584 0
1790522951 5403587883 19491066435 0
1790522956 5403623741 19491120538 0
1790522961 5403657651 19491174388 0
1790522967 5403693638 19491228352 0
1790522972 5403728124 19491282153 0
1790522978 5403762963 19491335987 0
1790522983 5403791932 19491389749 0
1790522988 5403816355 19491443561 0
1790522994 5403834071 19491497185 0
1790522999 5403851334 19491550643 0
1790523004 5403867869 19491604317 0
1790523010 5403884047 19491658008 0
1790523015 5403900323 19491711573 0
1790523020 5403915746 19491765143 0
1790523026 5403931942 19491818651 0
1790523031 5403948143 19491872126 0
1790523037 5403964036 19491925583 0
1790523042 5403980466 19491979195 0
1790523047 5403997139 19492032765 0
1790523053 5404013068 19492086283 0
1790523058 5404028968 19492139772 0
1790523063 5404044658 19492193291 0
1790523069 5404060925 19492246799 0
1790523074 5404077766 19492300230 0
1790523079 5404094407 19492353617 0
1790523085 5404111418 19492407131 0
1790523090 5404128319 19492460416 0
1790523095 5404144483 19492513855 0
1790523101 5404161083 19492567215 0
1790523106 5404177858 19492620638 0
1790523111 5404194324 19492674009 0
1790523117 5404211302 19492727391 0
1790523122 5404228859 19492780788 0
1790523127 5404247804 19492834359 0
1790523133 5404264994 19492887769 0
1790523138 5404282172 19492941136 0
1790523143 5404300839 19492994636 0
1790523149 5404319505 19493048132 0
1790523154 5404337384 19493101474 0
1790523159 5404354487 19493154859 0
1790523165 5404372439 19493208296 0
1790523170 5404390972 19493261727 0
1790523176 5404411158 19493315120 0
1790523181 5404429167 19493368832 0
1790523186 5404449586 19493422721 0
1790523192 5404466905 19493476292 0
1790523197 5404485726 19493529864 0
1790523202 5404503671 19493583337 0
1790523208 5404520805 19493636752 0
1790523213 5404539664 19493690311 0
1790523218 5404558375 19493743764 0
1790523224 5404577101 19493797430 0
1790523229 5404595610 19493850910 0
1790523234 5404612349 19493904284 0
1790523240 5404627843 19493957654 0
1790523245 5404643589 19494011108 0
1790523250 5404660035 19494064401 0
1790523256 5404677646 19494117769 0
1790523261 5404696173 19494171075 0
1790523266 5404713931 19494224530 0
1790523272 5404732310 19494277904 0
1790523277 5404753446 19494331187 0
1790523282 5404773487 19494384652 0
1790523288 5404790606 19494438142 0
1790523293 5404808895 19494491552 0
1790523299 5404828481 19494544853 0
1790523304 5404847885 19494598145 0
1790523309 5404865323 19494651461 0
1790523315 5404881944 19494704789 0
1790523320 5404899501 19494758211 0
1790523325 5404917046 19494811769 0
1790523331 5404934848 19494865168 0
1790523336 5404952945 19494918474 0
1790523341 5404970371 19494971942 0
1790523347 5404989266 19495025476 0
1790523352 5405009153 19495078829 0
1790523357 5405033656 19495132420 0
1790523363 5405061883 19495188336 0
1790523368 5405079879 19495241696 0
1790523374 5405098046 19495295170 0
1790523379 5405116366 19495348522 0
1790523384 5405135051 19495401964 0
1790523390 5405153103 19495455321 0
1790523395 5405171135 19495508758 0
1790523400 5405188963 19495562060 0
1790523406 5405205724 19495615658 0
1790523411 5405224208 19495669518 0
1790523416 5405240837 19495722944 0
1790523422 5405257338 19495776336 0
1790523427 5405274917 19495829783 0
1790523432 5405291100 19495883255 0
1790523438 5405307801 19495936687 0
1790523443 5405324588 19495990047 0
1790523448 5405341895 19496043401 0
1790523454 5405358619 19496096731 0
1790523459 5405375122 19496150167 0
1790523464 5405391528 19496203555 0
1790523470 5405409875 19496256984 0
1790523475 5405428610 19496310650 0
1790523480 5405451439 19496364302 0
1790523486 5405470714 19496417719 0
1790523491 5405488299 19496471158 0
1790523497 5405504435 19496524685 0
1790523502 5405522203 19496578159 0
1790523507 5405540157 19496631472 0
1790523513 5405559605 19496685023 0
1790523518 5405576709 19496738422 0
1790523523 5405593805 19496791754 0
1790523529 5405612277 19496845073 0
1790523534 5405629971 19496898403 0
1790523539 5405647946 19496951794 0
1790523545 5405668839 19497005268 0
1790523550 5405689184 19497058443 0
1790523555 5405712382 19497111977 0
1790523561 5405734409 19497165312 0
1790523566 5405756666 19497218923 0
1790523571 5405780155 19497272559 0
1790523577 5405802819 19497325822 0
1790523582 5405825348 19497379198 0
1790523587 5405848443 19497432379 0
1790523593 5405874154 19497485686 0
1790523598 5405904203 19497539048 0
1790523603 5405932446 19497592646 0
1790523609 5405955137 19497646215 0
1790523614 5405978945 19497699723 0
1790523620 5406001663 19497752918 0
1790523625 5406024608 19497806498 0
1790523630 5406045670 19497859881 0
1790523636 5406064927 19497913264 0
1790523641 5406095911 19497966560 0
1790523646 5406121456 19498020550 0
1790523652 5406147157 19498073732 0
1790523657 5406163016 19498126839 0
1790523662 5406175819 19498179993 0
1790523668 5406197137 19498233689 0
1790523673 5406216788 19498286904 0
1790523678 5406238176 19498340177 0
1790523684 5406258859 19498393563 0
1790523689 5406280385 19498447012 0
1790523694 5406314749 19498500284 0
1790523700 5406337569 19498553802 0
1790523705 5406358875 19498607088 0
1790523710 5406382121 19498660407 0
1790523716 5406405614 19498714101 0
1790523721 5406425779 19498767481 0
1790523727 5406445004 19498820968 0
1790523732 5406466288 19498874132 0
1790523737 5406487698 19498927673 0
1790523743 5406507745 19498980845 0
1790523748 5406528529 19499034212 0
1790523753 5406549361 19499087516 0
1790523759 5406571465 19499141050 0
1790523764 5406591564 19499194730 0
1790523769 5406610324 19499248134 0
1790523775 5406629882 19499301443 0
1790523780 5406650992 19499354954 0
1790523786 5406670718 19499408337 0
1790523791 5406690621 19499461730 0
1790523796 5406711457 19499514907 0
1790523802 5406731673 19499568202 0
1790523807 5406750950 19499621506 0
1790523812 5406771104 19499674932 0
1790523818 5406792040 19499728651 0
1790523823 5406813574 19499782304 0
1790523828 5406833750 19499835624 0
1790523834 5406854121 19499888966 0
1790523839 5406874444 19499942272 0
1790523844 5406896186 19499995717 0
1790523850 5406918299 19500049044 0
1790523855 5406939585 19500102709 0
1790523860 5406958773 19500156083 0
1790523866 5406979376 19500209684 0
1790523871 5407003860 19500263841 0
1790523877 5407023426 19500317128 0
1790523882 5407043056 19500370557 0
1790523887 5407063448 19500423953 0
1790523893 5407085653 19500477463 0
1790523898 5407106747 19500530984 0
