# cpus 32-39,288-295; columns: epoch busy_jiffies total_jiffies own_process_jiffies (pattern idxreplay-v4 streams)
1790538843 599909260 3191006573 167
1790538848 599913014 3191015143 2393
1790538853 599915124 3191023721 3068
1790538859 599917486 3191032311 4531
1790538864 599918064 3191040891 5060
1790538869 599919225 3191049463 6114
1790538875 599920660 3191058044 7109
1790538880 599922262 3191066706 7993
1790538886 599923769 3191075306 8937
1790538891 599924979 3191083901 9470
1790538896 599926889 3191092506 10000
1790538902 599928600 3191101087 10531
1790538907 599931026 3191109697 11065
1790538913 599933559 3191118302 11591
1790538918 599936372 3191126906 12125
1790538923 599939310 3191135550 12657
1790538929 599942171 3191144128 13182
1790538934 599944553 3191152702 13712
1790538939 599947058 3191161296 14243
1790538945 599949447 3191169856 14772
1790538950 599952060 3191178423 15303
1790538955 599954641 3191186993 15836
1790538961 599957034 3191195596 16364
1790538966 599958631 3191204163 16896
1790538972 599960371 3191212736 17427
1790538977 599962346 3191221339 17960
1790538982 599964613 3191229967 18490
1790538988 599966737 3191238536 19019
1790538993 599968834 3191247119 19550
1790538998 599970875 3191255690 20083
1790539004 599972974 3191264306 20612
1790539009 599975498 3191272870 21143
1790539015 599977944 3191281461 21674
1790539020 599980817 3191290032 22206
1790539025 599984211 3191298630 22736
1790539031 599985794 3191307198 23266
1790539036 599987831 3191315783 23798
1790539041 599989994 3191324400 24327
1790539047 599991906 3191332947 24856
1790539052 599993839 3191341517 25386
1790539057 599995345 3191350087 25915
1790539063 599996834 3191358644 26446
1790539068 599998238 3191367206 26977
1790539074 599999984 3191375807 27507
1790539079 600002244 3191384365 28036
1790539084 600004523 3191392913 28565
1790539090 600006455 3191401483 29095
1790539095 600008174 3191410027 29624
1790539100 600009497 3191418595 30159
1790539106 600011174 3191427223 30693
1790539111 600013510 3191435827 31226
1790539116 600014916 3191444479 31759
1790539122 600017123 3191453079 32293
1790539127 600019757 3191461719 32823
1790539133 600022587 3191470299 33354
1790539138 600024934 3191478907 33890
1790539143 600027270 3191487560 34423
1790539149 600029370 3191496194 34954
1790539154 600031905 3191504795 35491
1790539160 600034164 3191513474 36012
1790539165 600036713 3191522052 36544
1790539170 600038377 3191530666 37077
1790539176 600040823 3191539300 37613
1790539181 600044272 3191547953 38147
1790539187 600048219 3191556624 38682
1790539192 600051529 3191565298 39218
1790539197 600054568 3191573985 39755
1790539203 600057975 3191582651 41046
1790539208 600060621 3191591316 42789
1790539214 600063749 3191600005 43321
1790539219 600067311 3191608661 43851
1790539225 600070091 3191617266 44385
1790539230 600074124 3191625943 44913
1790539235 600078226 3191634518 45441
1790539241 600081531 3191643095 45976
1790539246 600085601 3191651761 46512
1790539252 600089024 3191660467 47044
1790539257 600091728 3191669094 47572
1790539262 600094373 3191677677 48102
1790539268 600096409 3191686283 48635
1790539273 600099420 3191694902 49164
1790539278 600102856 3191703515 49697
1790539284 600107007 3191712146 50224
1790539289 600110574 3191720713 50758
1790539295 600113625 3191729385 51292
1790539300 600116696 3191738069 51825
1790539305 600119188 3191746720 35
