0 135345467 199071261
1 111319734 195202161
2 140073848 195024094
3 139935336 195025802
4 144815688 195066328
5 143990836 195021712
6 143752160 194969042
7 143963232 194748451
8 113640124 193621306
9 129717620 194254220
10 142530469 194708532
11 147776166 194842262
12 148096138 194901701
13 148002789 195055758
14 147627009 194905924
15 146672020 194658483
16 126119774 193617886
17 140702178 193989297
18 146364899 194425532
19 151066754 194704140
20 153405659 194657989
21 150260626 194890822
22 148980050 194801438
23 148072399 194779386
24 124874357 193614315
25 138363643 193906150
26 144394947 194201587
27 148886548 194668020
28 152010476 194752331
29 151794301 194763270
30 151369962 194856132
31 150867392 194849029
32 125736890 194826942
33 135843199 195336155
34 150865920 195811183
35 151571697 196125041
36 158020086 196408454
37 153293697 196430696
38 147840435 195639248
39 150855433 196149176
40 113678531 194692694
41 128852315 195424379
42 138690096 195772772
43 142838070 195942831
44 144611304 196044476
45 146542407 196144542
46 143873556 196195258
47 142512454 196062013
48 126518167 194792883
49 138642818 195372622
50 150130042 196263067
51 154944250 196524597
52 160117632 196621734
53 159900638 196564689
54 159581106 196761759
55 154501907 196525209
56 129192577 194764396
57 140902465 195685093
58 152484731 196265997
59 159905061 196542053
60 159415658 196589344
61 155712216 196691862
62 158629918 196695536
63 153487787 196593161
64 127462329 195025704
65 138915384 195700581
66 151317084 196126788
67 158336008 196313559
68 160743378 196509575
69 160534035 196521638
70 160129536 196488271
71 159246116 196550983
72 129239644 195693505
73 147005644 196334243
74 153502463 194252311
75 157496153 194458513
76 158940398 194308345
77 158834562 194569064
78 160102158 195684592
79 158880163 195631324
80 126683442 194891533
81 144746085 195522331
82 154726174 195883712
83 160563654 196106679
84 161820814 196306514
85 162188484 196315606
86 161311355 196358682
87 160974513 196327164
88 129046708 195062475
89 145208732 195684015
90 156252431 196083292
91 160691348 196215658
92 161241496 196328885
93 160507721 196248074
94 159932637 196015928
95 160290950 196586859
96 136366930 195153436
97 146092341 195633345
98 156906836 196008536
99 162664049 196190286
100 163976189 196224762
101 164410905 196402240
102 164376099 196303732
103 164123162 196359390
104 131502270 195579447
105 151879100 196110019
106 161676773 196401907
107 163906416 196449453
108 164290930 196552958
109 164148484 196498843
110 163786556 196489166
111 163704330 196458081
112 132443188 195583982
113 151906003 196214165
114 161310794 196398871
115 163795147 196507253
116 164435231 196543034
117 164506354 196594401
118 163903995 196584540
119 162998974 196437664
120 131826951 195603289
121 152043740 196318530
122 160792354 196524067
123 163446978 196498285
124 163912131 196512388
125 163399378 196469551
126 163058581 196598812
127 162948446 196478266
128 114274191 192475446
129 120970473 193004596
130 143403225 193630310
131 137947123 193848646
132 156407086 196117811
133 144197782 194312626
134 145251759 194242468
135 145152396 194048250
136 107379983 192826046
137 128865519 193637034
138 150459534 194458250
139 143632729 194571877
140 158849532 194670882
141 148425574 194616202
142 148989092 194545403
143 147216884 194320331
144 117266683 192932536
145 139718742 193615327
146 150626371 194201928
147 143884755 194560863
148 146525532 194582573
149 147549982 194585844
150 147550479 194561722
151 146615206 194257477
152 105558212 192755407
153 137783705 193456872
154 138512322 193962987
155 143558499 194342335
156 146769852 194771926
157 147489470 194667578
158 146944147 194558390
159 145299395 194275984
160 104799568 192500992
161 124474812 193139467
162 128981928 193458329
163 135798742 193810597
164 138634675 194139660
165 141426106 194166160
166 141849245 193964777
167 141987486 193916034
168 102147602 192544066
169 120974549 193139690
170 133546910 193708352
171 149772724 194138505
172 154245679 194430791
173 155672464 194611564
174 155875706 194469635
175 154708842 194430577
176 113237646 192451757
177 133191276 193266191
178 134639056 193933154
179 139863864 194342810
180 142809785 194326324
181 144607852 194475870
182 144520883 194438494
183 143133391 194379163
184 115711771 192621233
185 122497385 192808820
186 134907249 193685049
187 140443833 194203686
188 155844734 194427937
189 157063647 194615558
190 155853870 194662421
191 156072799 194569904
192 116633986 192472472
193 125890330 193131727
194 140847969 192853690
195 148070181 192775728
196 148721928 192800245
197 150813251 192711547
198 152031149 192850205
199 150007819 192575814
200 114391869 192892633
201 134691764 192906186
202 145541092 192661617
203 150319150 192606618
204 152315349 192673381
205 152639840 192549837
206 151885714 192716558
207 151141150 192539765
208 112983991 192766039
209 134208195 192879817
210 145624261 192623013
211 150720031 192622991
212 152387172 192582457
213 153887906 192747520
214 152348741 192605350
215 149067499 192564528
216 114581332 192879375
217 133973456 192833369
218 144874837 192721044
219 149531062 192435748
220 151553255 192506326
221 152957805 192538682
222 151579981 192470521
223 148949846 192364074
224 113952177 192254164
225 121245559 192785906
226 131814960 192770666
227 142469360 192589695
228 147267249 193439806
229 149023508 193402290
230 149378140 193636903
231 148260205 193428476
232 108595421 192463436
233 129789028 192901071
234 143275411 193361049
235 148872965 193388467
236 151494960 193671190
237 152885275 193713886
238 153773134 193891792
239 151825630 193806256
240 110229086 192477760
241 129154513 192987439
242 142096904 193193867
243 148427750 193397949
244 150994057 194001274
245 153787959 193760256
246 152570016 193708709
247 150124385 193745612
248 109823011 192585441
249 130044152 192900602
250 140850577 193304520
251 148217747 193423627
252 151091775 193750675
253 151942947 193704877
254 151229736 193708273
255 150314536 193729368
256 91582419 192723273
257 163567312 195345053
258 166686180 195460324
259 163959482 195351936
260 168054840 195674765
261 169604131 195744377
262 170461250 195823893
263 171216555 195844183
264 170462846 196095190
265 173164691 196060886
266 170162221 195987516
267 171582779 196305031
268 172497463 196295777
269 172521579 196118298
270 172443743 195996507
271 172316757 196174143
272 171137237 195866211
273 173526034 195993174
274 171677805 195956144
275 173337791 196125158
276 175840621 196206844
277 173718553 196191116
278 173757557 196075642
279 173060486 195873699
280 171966376 195713019
281 174043616 195841201
282 172140126 195902275
283 173212533 195853722
284 173580972 195837861
285 173841568 195813892
286 173793219 195651756
287 173882219 195911090
288 168570966 196815799
289 170553448 196827758
290 175469439 197053280
291 172951336 197072875
292 176786344 197143723
293 173646498 197181964
294 173875071 197262753
295 173522277 197150537
296 170328497 196874308
297 172669685 196972027
298 174215045 197193842
299 175183463 197221469
300 175383372 197268117
301 177890882 197233431
302 175358166 197222313
303 175182255 197203779
304 173631453 196944525
305 172862357 197038928
306 174307720 197252066
307 175418807 197300874
308 178213453 197335224
309 178110030 197235172
310 178329722 197276109
311 175687072 197226495
312 173470672 196912715
313 172977274 197104116
314 174827025 197142927
315 177884486 197279930
316 178134890 197290734
317 175965267 197326684
318 178177199 197162759
319 175769712 197267220
320 169463873 196966361
321 171440939 197180141
322 173544793 197338774
323 174395292 197290802
324 175275508 197473721
325 175022558 197486574
326 175321746 197380240
327 175251098 197543704
328 169790362 197272973
329 172854563 197467779
330 174388867 197610601
331 175264888 197598148
332 175940719 197680569
333 176343643 197675560
334 175793828 197699454
335 175763095 197628493
336 169687370 197058658
337 173036773 197280868
338 174440126 197474390
339 175623329 197480249
340 175392758 197542571
341 175829617 197533138
342 175516743 197449793
343 175391471 197586472
344 170693357 197136511
345 173791054 197517489
346 174775953 197344492
347 175741386 197536704
348 175616103 197443062
349 175659760 197610850
350 176101684 197606800
351 176020522 197553847
352 160778147 196597486
353 167815180 196832711
354 171002106 196956539
355 173332563 197060314
356 173702433 197003422
357 173943994 197064351
358 173906951 197110014
359 173726860 197106722
360 167974426 196874937
361 172599279 196992552
362 175235203 197044215
363 175767076 197204295
364 176129576 197274087
365 175729357 197081914
366 175741084 197100068
367 175765963 197103782
368 169162795 196939490
369 173565470 197101530
370 175581245 197066285
371 176079232 197103868
372 176148003 197086608
373 175457237 197391616
374 176144620 197107695
375 175725623 197251611
376 170057685 196840078
377 174042955 197003841
378 175515298 196982766
379 176383031 197076672
380 176078108 197180636
381 176096925 197042014
382 175862019 197135343
383 178191596 197051428
