0 135345635 199071564
1 111319932 195202461
2 140074039 195024393
3 139935533 195026104
4 144815884 195066631
5 143991029 195022013
6 143752331 194969342
7 143963425 194748751
8 113640319 193621606
9 129717814 194254520
10 142530662 194708833
11 147776357 194842562
12 148096330 194902002
13 148002986 195056058
14 147627194 194906226
15 146672205 194658784
16 126119965 193618186
17 140702360 193989597
18 146365063 194425834
19 151066942 194704439
20 153405843 194658291
21 150260813 194891124
22 148980227 194801738
23 148072546 194779686
24 124874552 193614616
25 138363834 193906451
26 144395139 194201887
27 148886735 194668320
28 152010667 194752630
29 151794497 194763572
30 151370156 194856431
31 150867585 194849330
32 125737041 194827241
33 135843379 195336457
34 150866098 195811483
35 151571877 196125341
36 158020275 196408753
37 153293887 196430997
38 147840628 195639548
39 150855620 196149476
40 113678725 194692996
41 128852499 195424681
42 138690291 195773073
43 142838251 195943131
44 144611501 196044777
45 146542604 196144845
46 143873748 196195558
47 142512650 196062313
48 126518357 194793183
49 138643005 195372924
50 150130241 196263368
51 154944425 196524897
52 160117820 196622035
53 159900835 196564991
54 159581296 196762058
55 154502103 196525511
56 129192617 194764697
57 140902656 195685395
58 152484927 196266297
59 159905251 196542353
60 159415850 196589643
61 155712411 196692162
62 158630109 196695837
63 153487976 196593462
64 127462523 195026004
65 138915581 195700882
66 151317270 196127087
67 158336201 196313858
68 160743570 196509876
69 160534231 196521938
70 160129721 196488572
71 159246316 196551283
72 129239838 195693806
73 147005677 196334544
74 153502632 194252610
75 157496350 194458813
76 158940570 194308644
77 158834747 194569365
78 160102315 195684892
79 158880344 195631624
80 126683580 194891833
81 144746274 195522630
82 154726352 195884012
83 160563847 196106978
84 161821005 196306813
85 162188677 196315905
86 161311543 196358984
87 160974710 196327465
88 129046759 195062775
89 145208914 195684316
90 156252619 196083591
91 160691528 196215958
92 161241618 196329185
93 160507896 196248373
94 159932825 196016228
95 160291109 196587159
96 136367116 195153736
97 146092531 195633646
98 156906997 196008836
99 162664228 196190587
100 163976375 196225063
101 164411101 196402541
102 164376294 196304032
103 164123344 196359689
104 131502435 195579747
105 151879275 196110319
106 161676962 196402208
107 163906589 196449753
108 164291098 196553257
109 164148674 196499144
110 163786752 196489466
111 163704483 196458380
112 132443382 195584282
113 151906190 196214465
114 161310988 196399171
115 163795339 196507553
116 164435392 196543336
117 164506488 196594701
118 163904166 196584840
119 162999160 196437965
120 131827125 195603590
121 152043932 196318829
122 160792546 196524365
123 163447168 196498584
124 163912321 196512689
125 163399571 196469853
126 163058746 196599112
127 162948645 196478566
128 114274381 192475745
129 120970661 193004899
130 143403366 193630609
131 137947307 193848946
132 156407269 196118109
133 144197974 194312925
134 145251955 194242768
135 145152596 194048551
136 107380157 192826347
137 128865720 193637333
138 150459723 194458549
139 143632894 194572178
140 158849669 194671183
141 148425766 194616502
142 148989286 194545701
143 147217067 194320631
144 117266857 192932835
145 139718891 193615627
146 150626554 194202228
147 143884945 194561165
148 146525729 194582873
149 147550147 194586144
150 147550675 194562022
151 146615388 194257779
152 105558390 192755707
153 137783893 193457172
154 138512519 193963289
155 143558694 194342636
156 146770037 194772227
157 147489669 194667878
158 146944332 194558689
159 145299573 194276285
160 104799740 192501290
161 124474971 193139768
162 128982082 193458628
163 135798908 193810897
164 138634854 194139961
165 141426291 194166460
166 141849409 193965077
167 141987648 193916335
168 102147787 192544366
169 120974729 193139990
170 133547091 193708653
171 149772892 194138805
172 154245851 194431091
173 155672660 194611863
174 155875882 194469936
175 154709025 194430877
176 113237806 192452057
177 133191469 193266492
178 134639231 193933454
179 139864050 194343111
180 142809964 194326626
181 144608043 194476170
182 144521051 194438793
183 143133555 194379464
184 115711960 192621533
185 122497555 192809120
186 134907388 193685349
187 140444001 194203987
188 155844908 194428239
189 157063833 194615861
190 155854065 194662721
191 156072978 194570204
192 116634181 192472774
193 125890518 193132028
194 140848168 192853991
195 148070356 192776030
196 148722122 192800546
197 150813445 192711850
198 152031319 192850505
199 150008011 192576115
200 114392056 192892932
201 134691960 192906486
202 145541284 192661918
203 150319150 192606919
204 152315534 192673681
205 152640033 192550139
206 151885917 192716858
207 151141341 192540065
208 112984182 192766339
209 134208379 192880117
210 145624453 192623314
211 150720230 192623292
212 152387367 192582757
213 153888041 192747820
214 152348909 192605650
215 149067665 192564829
216 114581488 192879676
217 133973617 192833670
218 144875042 192721342
219 149531249 192436049
220 151553436 192506626
221 152957966 192538982
222 151580163 192470821
223 148950021 192364374
224 113952330 192254465
225 121245757 192786206
226 131815154 192770965
227 142469554 192589998
228 147267439 193440105
229 149023697 193402589
230 149378331 193637202
231 148260398 193428776
232 108595616 192463736
233 129789182 192901372
234 143275495 193361349
235 148873131 193388768
236 151495155 193671489
237 152885460 193714186
238 153773326 193892092
239 151825824 193806558
240 110229196 192478061
241 129154704 192987740
242 142097094 193194166
243 148427944 193398250
244 150994251 194001575
245 153788142 193760556
246 152570212 193709009
247 150124578 193745912
248 109823205 192585743
249 130044340 192900903
250 140850772 193304820
251 148217943 193423926
252 151091966 193750975
253 151943142 193705177
254 151229737 193708574
255 150314721 193729668
256 91582612 192723573
257 163567506 195345354
258 166686376 195460625
259 163959679 195352237
260 168055026 195675067
261 169604328 195744678
262 170461446 195824193
263 171216744 195844482
264 170463019 196095490
265 173164879 196061187
266 170162402 195987816
267 171582968 196305330
268 172497658 196296078
269 172521774 196118599
270 172443939 195996807
271 172316946 196174443
272 171137389 195866509
273 173526227 195993476
274 171677998 195956445
275 173337986 196125460
276 175840786 196207147
277 173718748 196191416
278 173757728 196075941
279 173060668 195873999
280 171966566 195713320
281 174043806 195841502
282 172140312 195902575
283 173212725 195854021
284 173581165 195838162
285 173841760 195814192
286 173793415 195652056
287 173882405 195911390
288 168571159 196816102
289 170553632 196828058
290 175469620 197053581
291 172951529 197073175
292 176786525 197144024
293 173646686 197182263
294 173875256 197263055
295 173522450 197150840
296 170328691 196874608
297 172669875 196972328
298 174215241 197194142
299 175183661 197221770
300 175383569 197268415
301 177891060 197233731
302 175358340 197222614
303 175182450 197204079
304 173631636 196944826
305 172862526 197039228
306 174307879 197252366
307 175418994 197301174
308 178213620 197335523
309 178110215 197235473
310 178329918 197276409
311 175687256 197226796
312 173470865 196913015
313 172977469 197104415
314 174827217 197143228
315 177884675 197280231
316 178135078 197291034
317 175965456 197326984
318 178177390 197163060
319 175769905 197267520
320 169464062 196966661
321 171441130 197180439
322 173544984 197339076
323 174395480 197291103
324 175275508 197474022
325 175022748 197486874
326 175321938 197380540
327 175251289 197544005
328 169790552 197273272
329 172854760 197468081
330 174389043 197610901
331 175265060 197598448
332 175940890 197680870
333 176343643 197675862
334 175793992 197699755
335 175763260 197628792
336 169687569 197058959
337 173036863 197281169
338 174440319 197474691
339 175623521 197480549
340 175392948 197542874
341 175829806 197533441
342 175516936 197450092
343 175391665 197586773
344 170693522 197136808
345 173791128 197517790
346 174776144 197344792
347 175741581 197537004
348 175616288 197443362
349 175659936 197611152
350 176101870 197607099
351 176020692 197554148
352 160778344 196597787
353 167815371 196833011
354 171002297 196956839
355 173332744 197060615
356 173702630 197003724
357 173944188 197064652
358 173907140 197110314
359 173727054 197107022
360 167974623 196875237
361 172599447 196992854
362 175235373 197044515
363 175767262 197204597
364 176129766 197274388
365 175729535 197082216
366 175741265 197100369
367 175766162 197104081
368 169162976 196939789
369 173565657 197101830
370 175581439 197066587
371 176079413 197104167
372 176148188 197086908
373 175457422 197391914
374 176144810 197107997
375 175725787 197251911
376 170057880 196840378
377 174043132 197004140
378 175515474 196983067
379 176383225 197076972
380 176078305 197180936
381 176097122 197042314
382 175862208 197135643
383 178191771 197051730
